{
 "cells": [
  {
   "cell_type": "code",
   "execution_count": null,
   "id": "a9abb2eb-523e-4774-8f46-ab8f0993eb7a",
   "metadata": {},
   "outputs": [],
   "source": [
    "#finding the duplicates and removing the duplicates "
   ]
  },
  {
   "cell_type": "code",
   "execution_count": 1,
   "id": "12e72d01-afd8-4d99-9521-9f7fc204fe92",
   "metadata": {},
   "outputs": [
    {
     "name": "stdout",
     "output_type": "stream",
     "text": [
      "    htno     name  telugu  english  hindi  maths  science  social\n",
      "0    100   Ramesh      50       60     66     98       66      55\n",
      "1    101   Rajesh      45       67     34     67       66      78\n",
      "2    102   Rossum      56       88     56     99       44      77\n",
      "3    103     Raji      56       78     34     56       88      55\n",
      "4    104   Kalyan      51       63     62     93       67      51\n",
      "5    105  Karthik      48       62     39     68       65      88\n",
      "6    106   Kambli      53       81     59     92       48      73\n",
      "7    107  Praveen      46       88     74     86       78      45\n",
      "8    108   Ganesh      53       62     76     88       76      35\n",
      "9    109     Nags      55       77     44     77       86      58\n",
      "10   110    Biswa      66       48     86     95       48      47\n",
      "11   111   Ritchi      66       68     64     76       98      75\n",
      "12   104   Kalyan      51       63     62     93       67      51\n",
      "13   112  shareef      50       63     99     90       76      67\n",
      "14   113     sonu      60       89     98     87       77      68\n",
      "15   114   Rajesh      45       67     77     55       66      46\n",
      "16   115   Rakesh      67       78     88     78       67      49\n"
     ]
    }
   ],
   "source": [
    "import pandas as pd\n",
    "df=pd.read_csv(\"C:\\\\Users\\\\prash\\\\OneDrive\\\\Desktop\\\\Pandas\\\\examdet.csv\")\n",
    "print(df)"
   ]
  },
  {
   "cell_type": "code",
   "execution_count": 3,
   "id": "77343cdc-c150-47d1-8e1a-c9bd7f11c5b8",
   "metadata": {},
   "outputs": [
    {
     "data": {
      "text/plain": [
       "0     False\n",
       "1     False\n",
       "2     False\n",
       "3     False\n",
       "4     False\n",
       "5     False\n",
       "6     False\n",
       "7     False\n",
       "8     False\n",
       "9     False\n",
       "10    False\n",
       "11    False\n",
       "12     True\n",
       "13    False\n",
       "14    False\n",
       "15    False\n",
       "16    False\n",
       "dtype: bool"
      ]
     },
     "execution_count": 3,
     "metadata": {},
     "output_type": "execute_result"
    }
   ],
   "source": [
    "df.duplicated()"
   ]
  },
  {
   "cell_type": "code",
   "execution_count": 9,
   "id": "bc5a770d-68ad-482d-8713-42f441c19f08",
   "metadata": {},
   "outputs": [
    {
     "data": {
      "text/html": [
       "<div>\n",
       "<style scoped>\n",
       "    .dataframe tbody tr th:only-of-type {\n",
       "        vertical-align: middle;\n",
       "    }\n",
       "\n",
       "    .dataframe tbody tr th {\n",
       "        vertical-align: top;\n",
       "    }\n",
       "\n",
       "    .dataframe thead th {\n",
       "        text-align: right;\n",
       "    }\n",
       "</style>\n",
       "<table border=\"1\" class=\"dataframe\">\n",
       "  <thead>\n",
       "    <tr style=\"text-align: right;\">\n",
       "      <th></th>\n",
       "      <th>htno</th>\n",
       "      <th>name</th>\n",
       "      <th>telugu</th>\n",
       "      <th>english</th>\n",
       "      <th>hindi</th>\n",
       "      <th>maths</th>\n",
       "      <th>science</th>\n",
       "      <th>social</th>\n",
       "    </tr>\n",
       "  </thead>\n",
       "  <tbody>\n",
       "    <tr>\n",
       "      <th>12</th>\n",
       "      <td>104</td>\n",
       "      <td>Kalyan</td>\n",
       "      <td>51</td>\n",
       "      <td>63</td>\n",
       "      <td>62</td>\n",
       "      <td>93</td>\n",
       "      <td>67</td>\n",
       "      <td>51</td>\n",
       "    </tr>\n",
       "  </tbody>\n",
       "</table>\n",
       "</div>"
      ],
      "text/plain": [
       "    htno    name  telugu  english  hindi  maths  science  social\n",
       "12   104  Kalyan      51       63     62     93       67      51"
      ]
     },
     "execution_count": 9,
     "metadata": {},
     "output_type": "execute_result"
    }
   ],
   "source": [
    "df[df.duplicated()]"
   ]
  },
  {
   "cell_type": "code",
   "execution_count": 11,
   "id": "6bea1861-ea87-4322-9d16-e9eb612b650f",
   "metadata": {},
   "outputs": [
    {
     "name": "stdout",
     "output_type": "stream",
     "text": [
      "    htno     name  telugu  english  hindi  maths  science  social\n",
      "0    100   Ramesh      50       60     66     98       66      55\n",
      "1    101   Rajesh      45       67     34     67       66      78\n",
      "2    102   Rossum      56       88     56     99       44      77\n",
      "3    103     Raji      56       78     34     56       88      55\n",
      "4    104   Kalyan      51       63     62     93       67      51\n",
      "5    105  Karthik      48       62     39     68       65      88\n",
      "6    106   Kambli      53       81     59     92       48      73\n",
      "7    107  Praveen      46       88     74     86       78      45\n",
      "8    108   Ganesh      53       62     76     88       76      35\n",
      "9    109     Nags      55       77     44     77       86      58\n",
      "10   110    Biswa      66       48     86     95       48      47\n",
      "11   111   Ritchi      66       68     64     76       98      75\n",
      "12   104   Kalyan      51       63     62     93       67      51\n",
      "13   112  shareef      50       63     99     90       76      67\n",
      "14   113     sonu      60       89     98     87       77      68\n",
      "15   114   Rajesh      45       67     77     55       66      46\n",
      "16   115   Rakesh      67       78     88     78       67      49\n"
     ]
    }
   ],
   "source": [
    "print(df)"
   ]
  },
  {
   "cell_type": "code",
   "execution_count": 17,
   "id": "c873aafc-0684-40ac-b96f-e2e39a8c458c",
   "metadata": {},
   "outputs": [
    {
     "name": "stdout",
     "output_type": "stream",
     "text": [
      "    htno     name  telugu  english  hindi  maths  science  social\n",
      "0    100   Ramesh      50       60     66     98       66      55\n",
      "1    101   Rajesh      45       67     34     67       66      78\n",
      "2    102   Rossum      56       88     56     99       44      77\n",
      "3    103     Raji      56       78     34     56       88      55\n",
      "4    104   Kalyan      51       63     62     93       67      51\n",
      "5    105  Karthik      48       62     39     68       65      88\n",
      "6    106   Kambli      53       81     59     92       48      73\n",
      "7    107  Praveen      46       88     74     86       78      45\n",
      "8    108   Ganesh      53       62     76     88       76      35\n",
      "9    109     Nags      55       77     44     77       86      58\n",
      "10   110    Biswa      66       48     86     95       48      47\n",
      "11   111   Ritchi      66       68     64     76       98      75\n",
      "13   112  shareef      50       63     99     90       76      67\n",
      "14   113     sonu      60       89     98     87       77      68\n",
      "15   114   Rajesh      45       67     77     55       66      46\n",
      "16   115   Rakesh      67       78     88     78       67      49\n"
     ]
    }
   ],
   "source": [
    "df.drop_duplicates(inplace=True)\n",
    "print(df)"
   ]
  },
  {
   "cell_type": "code",
   "execution_count": 27,
   "id": "9479327d-18b0-4420-88e7-415a3eee52a6",
   "metadata": {},
   "outputs": [
    {
     "name": "stdout",
     "output_type": "stream",
     "text": [
      "   htno     name  telugu  english  hindi  maths  science  social\n",
      "0   100   Ramesh      50       60     66     98       66      55\n",
      "1   101   Rajesh      45       67     34     67       66      78\n",
      "2   102   Rossum      56       88     56     99       44      77\n",
      "3   103     Raji      56       78     34     56       88      55\n",
      "4   104   Kalyan      51       63     62     93       67      51\n",
      "5   105  Karthik      48       62     39     68       65      88\n",
      "6   106   Kambli      53       81     59     92       48      73\n",
      "7   107  Praveen      46       88     74     86       78      45\n",
      "8   108   Ganesh      53       62     76     88       76      35\n",
      "9   109     Nags      55       77     44     77       86      58\n",
      "10  110    Biswa      66       48     86     95       48      47\n",
      "11  111   Ritchi      66       68     64     76       98      75\n",
      "13  112  shareef      50       63     99     90       76      67\n",
      "14  113     sonu      60       89     98     87       77      68\n",
      "15  114   Rajesh      45       67     77     55       66      46\n",
      "16  115   Rakesh      67       78     88     78       67      49\n",
      "17  116  prahsnt      67       85     74     86       95      99\n",
      "18  116  prahsnt      67       85     74     86       95      99\n",
      "19  116  prahsnt      67       85     74     86       95      99\n",
      "   htno     name  telugu  english  hindi  maths  science  social\n",
      "0   100   Ramesh      50       60     66     98       66      55\n",
      "1   101   Rajesh      45       67     34     67       66      78\n",
      "2   102   Rossum      56       88     56     99       44      77\n",
      "3   103     Raji      56       78     34     56       88      55\n",
      "4   104   Kalyan      51       63     62     93       67      51\n",
      "5   105  Karthik      48       62     39     68       65      88\n",
      "6   106   Kambli      53       81     59     92       48      73\n",
      "7   107  Praveen      46       88     74     86       78      45\n",
      "8   108   Ganesh      53       62     76     88       76      35\n",
      "9   109     Nags      55       77     44     77       86      58\n",
      "10  110    Biswa      66       48     86     95       48      47\n",
      "11  111   Ritchi      66       68     64     76       98      75\n",
      "13  112  shareef      50       63     99     90       76      67\n",
      "14  113     sonu      60       89     98     87       77      68\n",
      "15  114   Rajesh      45       67     77     55       66      46\n",
      "16  115   Rakesh      67       78     88     78       67      49\n",
      "17  116  prahsnt      67       85     74     86       95      99\n"
     ]
    }
   ],
   "source": [
    "df.loc[len(df)+1]=[\"116\",\"prahsnt\",67,85,74,86,95,99]\n",
    "print(df)\n",
    "df.drop_duplicates(inplace=True)\n",
    "print(df)"
   ]
  },
  {
   "cell_type": "code",
   "execution_count": 33,
   "id": "906f2f41-9f95-46f9-9d55-b6efc76014c8",
   "metadata": {},
   "outputs": [
    {
     "data": {
      "text/html": [
       "<div>\n",
       "<style scoped>\n",
       "    .dataframe tbody tr th:only-of-type {\n",
       "        vertical-align: middle;\n",
       "    }\n",
       "\n",
       "    .dataframe tbody tr th {\n",
       "        vertical-align: top;\n",
       "    }\n",
       "\n",
       "    .dataframe thead th {\n",
       "        text-align: right;\n",
       "    }\n",
       "</style>\n",
       "<table border=\"1\" class=\"dataframe\">\n",
       "  <thead>\n",
       "    <tr style=\"text-align: right;\">\n",
       "      <th></th>\n",
       "      <th>htno</th>\n",
       "      <th>name</th>\n",
       "      <th>telugu</th>\n",
       "      <th>english</th>\n",
       "      <th>hindi</th>\n",
       "      <th>maths</th>\n",
       "      <th>science</th>\n",
       "      <th>social</th>\n",
       "    </tr>\n",
       "  </thead>\n",
       "  <tbody>\n",
       "    <tr>\n",
       "      <th>15</th>\n",
       "      <td>114</td>\n",
       "      <td>Rajesh</td>\n",
       "      <td>45</td>\n",
       "      <td>67</td>\n",
       "      <td>77</td>\n",
       "      <td>55</td>\n",
       "      <td>66</td>\n",
       "      <td>46</td>\n",
       "    </tr>\n",
       "    <tr>\n",
       "      <th>3</th>\n",
       "      <td>103</td>\n",
       "      <td>Raji</td>\n",
       "      <td>56</td>\n",
       "      <td>78</td>\n",
       "      <td>34</td>\n",
       "      <td>56</td>\n",
       "      <td>88</td>\n",
       "      <td>55</td>\n",
       "    </tr>\n",
       "    <tr>\n",
       "      <th>1</th>\n",
       "      <td>101</td>\n",
       "      <td>Rajesh</td>\n",
       "      <td>45</td>\n",
       "      <td>67</td>\n",
       "      <td>34</td>\n",
       "      <td>67</td>\n",
       "      <td>66</td>\n",
       "      <td>78</td>\n",
       "    </tr>\n",
       "    <tr>\n",
       "      <th>5</th>\n",
       "      <td>105</td>\n",
       "      <td>Karthik</td>\n",
       "      <td>48</td>\n",
       "      <td>62</td>\n",
       "      <td>39</td>\n",
       "      <td>68</td>\n",
       "      <td>65</td>\n",
       "      <td>88</td>\n",
       "    </tr>\n",
       "    <tr>\n",
       "      <th>11</th>\n",
       "      <td>111</td>\n",
       "      <td>Ritchi</td>\n",
       "      <td>66</td>\n",
       "      <td>68</td>\n",
       "      <td>64</td>\n",
       "      <td>76</td>\n",
       "      <td>98</td>\n",
       "      <td>75</td>\n",
       "    </tr>\n",
       "    <tr>\n",
       "      <th>9</th>\n",
       "      <td>109</td>\n",
       "      <td>Nags</td>\n",
       "      <td>55</td>\n",
       "      <td>77</td>\n",
       "      <td>44</td>\n",
       "      <td>77</td>\n",
       "      <td>86</td>\n",
       "      <td>58</td>\n",
       "    </tr>\n",
       "    <tr>\n",
       "      <th>16</th>\n",
       "      <td>115</td>\n",
       "      <td>Rakesh</td>\n",
       "      <td>67</td>\n",
       "      <td>78</td>\n",
       "      <td>88</td>\n",
       "      <td>78</td>\n",
       "      <td>67</td>\n",
       "      <td>49</td>\n",
       "    </tr>\n",
       "    <tr>\n",
       "      <th>17</th>\n",
       "      <td>116</td>\n",
       "      <td>prahsnt</td>\n",
       "      <td>67</td>\n",
       "      <td>85</td>\n",
       "      <td>74</td>\n",
       "      <td>86</td>\n",
       "      <td>95</td>\n",
       "      <td>99</td>\n",
       "    </tr>\n",
       "    <tr>\n",
       "      <th>7</th>\n",
       "      <td>107</td>\n",
       "      <td>Praveen</td>\n",
       "      <td>46</td>\n",
       "      <td>88</td>\n",
       "      <td>74</td>\n",
       "      <td>86</td>\n",
       "      <td>78</td>\n",
       "      <td>45</td>\n",
       "    </tr>\n",
       "    <tr>\n",
       "      <th>14</th>\n",
       "      <td>113</td>\n",
       "      <td>sonu</td>\n",
       "      <td>60</td>\n",
       "      <td>89</td>\n",
       "      <td>98</td>\n",
       "      <td>87</td>\n",
       "      <td>77</td>\n",
       "      <td>68</td>\n",
       "    </tr>\n",
       "    <tr>\n",
       "      <th>8</th>\n",
       "      <td>108</td>\n",
       "      <td>Ganesh</td>\n",
       "      <td>53</td>\n",
       "      <td>62</td>\n",
       "      <td>76</td>\n",
       "      <td>88</td>\n",
       "      <td>76</td>\n",
       "      <td>35</td>\n",
       "    </tr>\n",
       "    <tr>\n",
       "      <th>13</th>\n",
       "      <td>112</td>\n",
       "      <td>shareef</td>\n",
       "      <td>50</td>\n",
       "      <td>63</td>\n",
       "      <td>99</td>\n",
       "      <td>90</td>\n",
       "      <td>76</td>\n",
       "      <td>67</td>\n",
       "    </tr>\n",
       "    <tr>\n",
       "      <th>6</th>\n",
       "      <td>106</td>\n",
       "      <td>Kambli</td>\n",
       "      <td>53</td>\n",
       "      <td>81</td>\n",
       "      <td>59</td>\n",
       "      <td>92</td>\n",
       "      <td>48</td>\n",
       "      <td>73</td>\n",
       "    </tr>\n",
       "    <tr>\n",
       "      <th>4</th>\n",
       "      <td>104</td>\n",
       "      <td>Kalyan</td>\n",
       "      <td>51</td>\n",
       "      <td>63</td>\n",
       "      <td>62</td>\n",
       "      <td>93</td>\n",
       "      <td>67</td>\n",
       "      <td>51</td>\n",
       "    </tr>\n",
       "    <tr>\n",
       "      <th>10</th>\n",
       "      <td>110</td>\n",
       "      <td>Biswa</td>\n",
       "      <td>66</td>\n",
       "      <td>48</td>\n",
       "      <td>86</td>\n",
       "      <td>95</td>\n",
       "      <td>48</td>\n",
       "      <td>47</td>\n",
       "    </tr>\n",
       "    <tr>\n",
       "      <th>0</th>\n",
       "      <td>100</td>\n",
       "      <td>Ramesh</td>\n",
       "      <td>50</td>\n",
       "      <td>60</td>\n",
       "      <td>66</td>\n",
       "      <td>98</td>\n",
       "      <td>66</td>\n",
       "      <td>55</td>\n",
       "    </tr>\n",
       "    <tr>\n",
       "      <th>2</th>\n",
       "      <td>102</td>\n",
       "      <td>Rossum</td>\n",
       "      <td>56</td>\n",
       "      <td>88</td>\n",
       "      <td>56</td>\n",
       "      <td>99</td>\n",
       "      <td>44</td>\n",
       "      <td>77</td>\n",
       "    </tr>\n",
       "  </tbody>\n",
       "</table>\n",
       "</div>"
      ],
      "text/plain": [
       "   htno     name  telugu  english  hindi  maths  science  social\n",
       "15  114   Rajesh      45       67     77     55       66      46\n",
       "3   103     Raji      56       78     34     56       88      55\n",
       "1   101   Rajesh      45       67     34     67       66      78\n",
       "5   105  Karthik      48       62     39     68       65      88\n",
       "11  111   Ritchi      66       68     64     76       98      75\n",
       "9   109     Nags      55       77     44     77       86      58\n",
       "16  115   Rakesh      67       78     88     78       67      49\n",
       "17  116  prahsnt      67       85     74     86       95      99\n",
       "7   107  Praveen      46       88     74     86       78      45\n",
       "14  113     sonu      60       89     98     87       77      68\n",
       "8   108   Ganesh      53       62     76     88       76      35\n",
       "13  112  shareef      50       63     99     90       76      67\n",
       "6   106   Kambli      53       81     59     92       48      73\n",
       "4   104   Kalyan      51       63     62     93       67      51\n",
       "10  110    Biswa      66       48     86     95       48      47\n",
       "0   100   Ramesh      50       60     66     98       66      55\n",
       "2   102   Rossum      56       88     56     99       44      77"
      ]
     },
     "execution_count": 33,
     "metadata": {},
     "output_type": "execute_result"
    }
   ],
   "source": [
    "#now we are sorting the values\n",
    "df.sort_values([\"maths\"])"
   ]
  },
  {
   "cell_type": "code",
   "execution_count": 39,
   "id": "df007919-ca7f-4958-91f3-271688821d63",
   "metadata": {},
   "outputs": [
    {
     "name": "stdout",
     "output_type": "stream",
     "text": [
      "   htno     name  telugu  english  hindi  maths  science  social\n",
      "15  114   Rajesh      45       67     77     55       66      46\n",
      "3   103     Raji      56       78     34     56       88      55\n",
      "1   101   Rajesh      45       67     34     67       66      78\n",
      "5   105  Karthik      48       62     39     68       65      88\n",
      "11  111   Ritchi      66       68     64     76       98      75\n",
      "9   109     Nags      55       77     44     77       86      58\n",
      "16  115   Rakesh      67       78     88     78       67      49\n",
      "17  116  prahsnt      67       85     74     86       95      99\n",
      "7   107  Praveen      46       88     74     86       78      45\n",
      "14  113     sonu      60       89     98     87       77      68\n",
      "8   108   Ganesh      53       62     76     88       76      35\n",
      "13  112  shareef      50       63     99     90       76      67\n",
      "6   106   Kambli      53       81     59     92       48      73\n",
      "4   104   Kalyan      51       63     62     93       67      51\n",
      "10  110    Biswa      66       48     86     95       48      47\n",
      "0   100   Ramesh      50       60     66     98       66      55\n",
      "2   102   Rossum      56       88     56     99       44      77\n"
     ]
    }
   ],
   "source": [
    "df.sort_values([\"maths\"],inplace=True)\n",
    "print(df)"
   ]
  },
  {
   "cell_type": "code",
   "execution_count": 43,
   "id": "603dfd0d-9d38-44c5-9abf-29449a78ff78",
   "metadata": {},
   "outputs": [
    {
     "name": "stdout",
     "output_type": "stream",
     "text": [
      "   htno     name  telugu  english  hindi  maths  science  social\n",
      "14  113     sonu      60       89     98     87       77      68\n",
      "13  112  shareef      50       63     99     90       76      67\n",
      "17  116  prahsnt      67       85     74     86       95      99\n",
      "2   102   Rossum      56       88     56     99       44      77\n",
      "11  111   Ritchi      66       68     64     76       98      75\n",
      "0   100   Ramesh      50       60     66     98       66      55\n",
      "16  115   Rakesh      67       78     88     78       67      49\n",
      "3   103     Raji      56       78     34     56       88      55\n",
      "1   101   Rajesh      45       67     34     67       66      78\n",
      "15  114   Rajesh      45       67     77     55       66      46\n",
      "7   107  Praveen      46       88     74     86       78      45\n",
      "9   109     Nags      55       77     44     77       86      58\n",
      "5   105  Karthik      48       62     39     68       65      88\n",
      "6   106   Kambli      53       81     59     92       48      73\n",
      "4   104   Kalyan      51       63     62     93       67      51\n",
      "8   108   Ganesh      53       62     76     88       76      35\n",
      "10  110    Biswa      66       48     86     95       48      47\n"
     ]
    }
   ],
   "source": [
    "df.sort_values([\"name\"],ascending=False,inplace=True)\n",
    "print(df)"
   ]
  },
  {
   "cell_type": "code",
   "execution_count": null,
   "id": "5ccf1823-4a6d-4b34-aa93-f0bcf264f468",
   "metadata": {},
   "outputs": [],
   "source": [
    "\n"
   ]
  }
 ],
 "metadata": {
  "kernelspec": {
   "display_name": "Python [conda env:base] *",
   "language": "python",
   "name": "conda-base-py"
  },
  "language_info": {
   "codemirror_mode": {
    "name": "ipython",
    "version": 3
   },
   "file_extension": ".py",
   "mimetype": "text/x-python",
   "name": "python",
   "nbconvert_exporter": "python",
   "pygments_lexer": "ipython3",
   "version": "3.12.7"
  }
 },
 "nbformat": 4,
 "nbformat_minor": 5
}
